*Nodes
0,0,0
0.00375,0,0
0.0075,0,0
0.01125,0,0
0.015,0,0
0.01875,0,0
0.0225,0,0
0.02625,0,0
0.03,0,0
0.03375,0,0
0.0375,0,0
0.04125,0,0
0.045,0,0
0.04875,0,0
0.0525,0,0
0.05625,0,0
0.06,0,0
0.06375,0,0
0.0675,0,0
0.07125,0,0
0.075,0,0
0.07875,0,0
0.0825,0,0
0.08625,0,0
0.09,0,0
0.09375,0,0
0.0975,0,0
0.10125,0,0
0.105,0,0
0.10875,0,0
0.1125,0,0
0.11625,0,0
0.12,0,0
0.12375,0,0
0.1275,0,0
0.13125,0,0
0.135,0,0
0.13875,0,0
0.1425,0,0
0.14625,0,0
0.15,0,0
*Edges
1,2
2,3
3,4
4,5
5,6
6,7
7,8
8,9
9,10
10,11
11,12
12,13
13,14
14,15
15,16
16,17
17,18
18,19
19,20
20,21
21,22
22,23
23,24
24,25
25,26
26,27
27,28
28,29
29,30
30,31
31,32
32,33
33,34
34,35
35,36
36,37
37,38
38,39
39,40
40,41
